--- DEBUG INFO ---
Y shape: torch.Size([255, 4096])
length of output tokes : 255
output_token :[362, 6800, 2162, 13234, 555, 4900, 12131, 42726, 323, 42160, 279, 11104, 5929, 4783, 706, 1027, 2231, 389, 6412, 369, 400, 2075, 59413, 13, 578, 220, 20, 13, 1774, 46323, 12675, 304, 5960, 53227, 68, 11, 7188, 574, 11021, 555, 279, 4846, 35238, 304, 14681, 304, 220, 5162, 24, 11, 4848, 4038, 1139, 813, 32858, 13, 42726, 65550, 220, 1114, 14971, 315, 1614, 520, 279, 2162, 11, 902, 574, 5918, 304, 220, 5926, 21, 323, 31805, 82, 279, 16867, 22302, 13, 23198, 1523, 369, 2835, 13, 11104, 5929, 4783, 25, 578, 2162, 11, 42666, 3485, 304, 220, 5162, 24, 994, 42726, 11021, 433, 11, 374, 1457, 389, 6412, 369, 400, 2075, 59413, 13, 578, 20396, 315, 279, 220, 20, 13, 1774, 46323, 12675, 11, 42160, 5034, 51171, 16867, 64, 11, 42666, 3432, 13, 71607, 315, 1614, 25, 42726, 374, 42666, 53324, 279, 16867, 22302, 1418, 30311, 19953, 7808, 21605, 307, 11681, 24752, 98493, 13, 22395, 813, 15051, 1051, 19953, 7808, 21605, 307, 11681, 24752, 98493, 323, 12667, 315, 3314, 18063, 44730, 5248, 13, 578, 12675, 374, 1903, 709, 315, 264, 364, 53766, 40216, 50012, 6, 30090, 220, 24, 11, 931, 9518, 7693, 11, 323, 1101, 38119, 3892, 24088, 85871, 369, 5687, 11, 4184, 311, 279, 22725, 6406, 8618, 13, 62682, 315, 279, 4872, 1051, 3025, 311, 4774, 264, 7463, 323, 7463, 3002, 52578, 11, 264, 32515, 5590, 323, 34615, 10395, 2383, 4511, 323, 36536, 13, 3277, 42726, 11021, 433, 11, 279, 3424, 2853, 400, 16, 13, 19, 59413, 13, 1102, 1101, 706, 3892, 4868, 54368]
output_indices: [7, 56, 100, 137, 236, 32, 254, 242, 233, 72, 73, 71, 72, 73, 44, 14, 251, 226, 150, 151]
selected_output: [42726, 42726, 42726, 42726, 42726, 5960, 54368, 2853, 36536, 5926, 21, 220, 5926, 21, 14681, 706, 706, 5590, 11681, 24752]
Num output indices: 20
Max output index: 254
Min output index: 7
---------------------
